$ 1 0.000005 1.700203994009402 50 5 50 5e-11
165 1008 576 1024 576 6 4.987797537826467
r 1152 640 1152 720 0 1000
r 960 800 960 880 0 220000
c 1056 800 1056 880 0 1e-8 3.333333333333333 0.001
c 1152 800 1152 880 0 1e-9 4.71613875899536 0.001
d 1152 720 1152 800 2 default
w 1104 736 1104 880 0
w 1008 704 1008 880 0
w 1072 736 1056 736 0
w 1056 736 1056 800 0
w 1008 880 1056 880 0
w 1056 880 1104 880 0
w 1008 672 960 672 0
w 960 672 960 800 0
w 960 880 1008 880 0
w 1136 640 1152 640 0
w 1104 880 1152 880 0
r 1152 640 1232 640 0 330
w 1232 640 1232 528 0
w 1008 608 1008 528 0
w 1008 528 1232 528 0
t 1312 704 1280 704 0 1 -4.736838736637697 0.2629006722973615 100 default
r 1280 496 1280 576 0 100000
t 1296 640 1328 640 0 1 0.6587098017129426 0.7051607698263189 100 default
w 1280 608 1280 688 0
l 1328 496 1328 576 0 0.01 0.04624118173562951 0
w 1280 496 1328 496 0
w 1280 496 1072 496 0
w 1328 656 1328 704 0
w 1296 640 1232 640 0
w 1312 704 1328 704 0
r 1328 704 1328 784 0 4.5
w 1280 720 1280 880 0
w 1280 880 1152 880 0
w 1328 784 1328 880 0
w 1280 880 1328 880 0
d 1328 624 1408 624 2 default
c 1408 624 1408 704 0 5.0000000000000004e-8 422.12875321557135 0.001
r 1408 624 1488 624 0 1000000
c 1488 624 1488 704 0 5.0000000000000004e-8 422.0071458185793 0.001
r 1488 624 1568 624 0 4800000
w 1408 704 1408 880 0
w 1408 880 1328 880 0
w 1488 704 1488 880 0
w 1488 880 1408 880 0
p 1568 624 1568 880 3 0 0
w 1568 880 1488 880 0
w 960 880 928 880 0
g 928 880 896 880 0 0
R 928 496 896 496 0 0 40 5 0 0 0.5
w 1136 608 1280 608 0
w 1072 544 1072 496 0
w 1072 496 928 496 0
w 960 800 1152 800 0
w 1280 576 1280 608 0
w 1328 576 1328 624 0