$ 1 0.000005 0.23988752939670982 50 5 50 5e-11
r 928 496 1008 496 0 10000000
w 1008 496 1072 496 0
c 1072 496 1072 576 0 8.2e-10 1.429835369451111 0.001
r 1136 496 1136 576 0 22000
w 1072 496 1136 496 0
r 1136 608 1136 688 0 22000
w 1072 576 1072 752 0
w 1136 592 1168 592 0
t 1168 592 1200 592 0 1 0.4364160750409508 0.5929922719173187 100 default
w 1200 608 1200 752 0
r 1200 496 1200 576 0 10000
r 1200 576 1280 576 0 10000
t 1280 576 1312 576 0 -1 -0.555298297614609 -0.6738304691209898 100 default
r 1312 592 1312 672 0 150
162 1312 672 1312 752 2 default-led 0 1 0 0.02
w 1312 560 1312 496 0
w 1136 688 1136 752 0
w 1072 752 1136 752 0
w 1136 752 1200 752 0
w 1200 752 1312 752 0
r 1312 592 1392 592 0 10000
d 1392 592 1472 592 2 default
368 1472 592 1520 592 1 0 OUT
w 1200 496 1312 496 0
w 1312 496 1472 496 0
w 1312 752 1472 752 0
g 1472 752 1504 752 0 0
R 1472 496 1504 496 0 0 40 5 0 0 0.5
w 1136 576 1136 592 0
R 928 496 896 496 1 2 1000 200 200 0 0.2
x 887 518 1014 521 4 12 Simulated\stube\spulse
w 1136 592 1136 608 0