$ 1 0.000005 0.44816890703380646 50 5 50 5e-11
165 1008 576 1024 576 6 -0.0011258216940629956
r 1152 640 1152 720 0 1000
r 960 800 960 880 0 220000
c 1056 800 1056 880 0 1e-8 3.333333333333333 0.001
c 1152 800 1152 880 0 1e-9 3.7938604123279296 0.001
d 1152 720 1152 800 2 default
w 1104 736 1104 880 0
w 1008 704 1008 880 0
w 1072 736 1056 736 0
w 1056 736 1056 800 0
w 1008 880 1056 880 0
w 1056 880 1104 880 0
w 1008 672 960 672 0
w 960 672 960 800 0
w 960 880 1008 880 0
w 1136 640 1152 640 0
w 1104 880 1152 880 0
r 1152 640 1232 640 0 330
w 1232 640 1232 528 0
w 1008 608 1008 528 0
w 1008 528 1232 528 0
t 1312 704 1280 704 0 1 -5.172782541251449 -0.1727835685295997 100 default
r 1280 496 1280 576 0 100000
t 1296 640 1328 640 0 1 0.6899181880025624 -0.19991998584799148 100 default
w 1280 608 1280 688 0
l 1328 496 1328 576 0 0.01 -0.07679286856976046 0
w 1280 496 1328 496 0
w 1280 496 1072 496 0
w 1328 656 1328 704 0
w 1296 640 1232 640 0
w 1312 704 1328 704 0
r 1328 704 1328 784 0 4.5
w 1280 720 1280 880 0
w 1280 880 1152 880 0
w 1328 784 1328 880 0
w 1280 880 1328 880 0
d 1328 624 1408 624 2 default
c 1408 624 1408 704 0 5.0000000000000004e-8 421.07391726708306 0.001
r 1408 624 1488 624 0 1000000
c 1488 624 1488 704 0 5.0000000000000004e-8 407.1540014368727 0.001
r 1488 624 1568 624 0 4800000
w 1408 704 1408 880 0
w 1408 880 1328 880 0
w 1488 704 1488 880 0
w 1488 880 1408 880 0
p 1568 704 1568 880 3 0 0
w 1568 880 1488 880 0
w 960 880 928 880 0
g 928 880 896 880 0 0
R 928 496 896 496 0 0 40 5 0 0 0.5
w 1136 608 1280 608 0
w 1072 544 1072 496 0
w 1072 496 928 496 0
w 960 800 1152 800 0
w 1280 576 1280 608 0
w 1328 576 1328 624 0
w 1792 720 1792 736 0
x 1496 560 1809 563 4 12 Simulated\sSMB-20\sTube\sat\s3000\sCPS\s/\s~\s1500\sµSv/h
w 1792 704 1792 720 0
w 1856 624 1968 624 0
368 2128 720 2176 720 1 0 OUT
d 2048 720 2128 720 2 default
r 1968 720 2048 720 0 10000
w 1856 880 1968 880 0
w 1792 880 1856 880 0
w 1728 880 1792 880 0
w 1792 816 1792 880 0
w 1968 688 1968 624 0
162 1968 800 1968 880 2 default-led 0 1 0 0.02
r 1968 720 1968 800 0 150
t 1936 704 1968 704 0 -1 4.989996030485948 -0.0000028472393305278842 100 default
r 1856 704 1936 704 0 10000
r 1856 624 1856 704 0 10000
w 1856 736 1856 880 0
t 1824 720 1856 720 0 1 -4.7961555282367625 0.20384167542386464 100 default
w 1792 720 1824 720 0
w 1728 704 1728 880 0
r 1792 736 1792 816 0 100000
w 1728 624 1792 624 0
r 1792 624 1792 704 0 22000
c 1728 624 1728 704 0 8.2e-10 0.24868679454705217 0.001
w 1664 624 1728 624 0
w 1568 704 1568 624 0
t 1648 656 1648 624 1 1 -407.143984827834 -0.24257808338792217 100 default
r 1648 656 1648 736 0 15000000
R 1648 736 1648 768 1 2 3000 2.5 2.5 0 0.6
w 1568 624 1632 624 0
423 1648 614 1648 571 0
w 1728 880 1568 880 0
w 1968 624 1968 496 0
w 1328 496 1968 496 0