$ 1 0.000005 0.20306040966347483 50 5 50 5e-11
r 1248 368 1248 448 0 20
d 1248 528 1248 448 2 default
w 1248 448 1312 448 0
r 1312 448 1312 528 0 15
l 1312 528 1312 608 0 0.0018000000000000002 0.13703699188762605 0
w 1312 608 1248 608 0
w 1248 528 1248 608 0
w 1248 608 1248 640 0
t 1216 656 1248 656 0 1 0.6226414187394584 0.7238796365972258 100 default
r 1216 656 1136 656 0 1000
w 1248 672 1248 704 0
g 1248 704 1248 736 0 0
R 1248 368 1248 336 0 0 40 5 0 0 0.5
R 1136 656 1104 656 1 2 2000 2.5 2.5 0 0.5
403 1088 560 1216 624 0 13_4_0_x81012_5_0.025_-1_2_2_0_13_3_0.01_0