$ 1 0.000005 10.20027730826997 50 5 50 5e-11
t 912 528 944 528 0 1 0.5666505291858015 0.6012805221735169 100 default
r 944 512 944 432 0 10000
r 944 512 1024 512 0 10000
r 864 768 864 688 0 10000
w 944 544 944 768 0
t 1024 512 1056 512 0 -1 -0.560356648169754 -0.5968196495562577 100 default
w 1056 528 1104 528 0
w 1056 496 1056 432 0
w 864 528 864 688 0
w 1296 560 1296 432 0
w 1296 592 1344 592 0
t 1264 576 1296 576 0 -1 3.2999997889813564 -1.3599999348912206e-7 100 default
w 1184 608 1184 768 0
r 1024 768 1024 688 0 10000
r 1184 576 1264 576 0 10000
r 1184 512 1184 432 0 10000
t 1152 592 1184 592 0 1 -3.2999998660497623 3.19502415448799e-8 100 default
w 1152 592 1024 592 0
w 1024 592 800 592 0
w 912 528 864 528 0
w 864 528 800 528 0
w 1184 576 1184 512 0
w 944 432 1056 432 0
w 1056 432 1184 432 0
w 1184 432 1296 432 0
r 1104 768 1104 688 0 10000
r 1344 768 1344 688 0 10000
w 1344 592 1344 688 0
w 1104 688 1104 528 0
w 1104 528 1456 528 0
w 1344 592 1424 592 0
w 1424 592 1424 720 0
w 1456 528 1456 688 0
t 1536 688 1568 688 0 1 0.5550275209506441 0.5547701558166273 100 default
t 1536 720 1568 720 0 1 -0.6018647507643391 8.203729733315562e-8 100 default
r 1456 688 1536 688 0 10000
r 1456 720 1536 720 0 10000
w 1456 528 1696 528 0
w 1424 592 1696 592 0
t 1600 672 1632 672 0 1 0.5759189942320994 0.6016074676676195 100 default
w 1632 656 1696 656 0
w 1568 672 1600 672 0
w 1424 720 1456 720 0
w 1568 736 1568 768 0
w 1568 768 1344 768 0
w 1344 768 1184 768 0
w 1184 768 1104 768 0
w 1104 768 1024 768 0
w 1024 768 944 768 0
w 944 768 864 768 0
w 1024 688 1024 592 0
r 1632 512 1632 432 0 10000
w 1632 656 1632 512 0
w 1568 432 1296 432 0
r 1568 512 1568 432 0 10000
w 1568 512 1568 672 0
w 1632 432 1568 432 0
w 1632 688 1632 768 0
w 1632 768 1568 768 0
368 1696 528 1744 528 1 0 Main
368 1696 592 1744 592 1 0 Follower
368 1696 656 1744 656 1 0 Coincidence
403 1840 560 1968 624 0 60_8_0_x81012_5_6.4_-1_2_1_0_60_3_2_0
403 1840 496 1968 560 0 59_8_0_x81012_5_6.4_-1_2_1_0_59_3_2_0
403 1840 624 1968 688 0 61_8_0_x81012_5_6.4_-1_2_1_0_61_3_2_0
w 1632 432 1696 432 0
w 1632 768 1696 768 0
g 1696 768 1728 768 0 0
R 1696 432 1744 432 0 0 40 3.3 0 0 0.5
d 720 528 800 528 2 default
d 720 496 800 496 2 default
w 800 496 800 528 0
r 640 496 720 496 0 10000
r 640 528 720 528 0 10000
r 640 624 720 624 0 10000
r 640 592 720 592 0 10000
w 800 592 800 624 0
d 720 592 800 592 2 default
d 720 624 800 624 2 default
R 640 496 608 496 1 2 100 2.5 2.5 0 0.1
R 640 528 608 528 1 2 110 2.5 2.5 0 0.1
R 640 592 608 592 1 2 120 2.5 2.5 0 0.1
R 640 624 608 624 1 2 130 2.5 2.5 0 0.1
x 599 472 665 475 4 12 Main\sTubes
x 598 658 686 661 4 12 Follower\sTubes